$ANSIBLE_VAULT;1.1;AES256
65636136353937313334616437326433303931336661383439663266366634636636666536333363
3333373239376164626266386433613131643231623666350a613130643233366366636662326439
33336361376530333430396366303562613062626638336531383736633030643732633235313965
3636646137306664660a396163653462386561626132656664653134623965313239613865383564
66653736363665633766616430666166663336346435323134643866303466663061343764383734
36383061646264346333373762643166313336653338656462343738353566383636663438323164
39656462613163303063633465363036353066336666386538636362373035663730363339393163
61663530643030633136343239326632646339366138666533326335303931303834393837353666
39323661313165393262666662336236306163313065306164616562636139333032393036326163
32333638616239393538373065626266666137643736616564323332353632323739376531646232
30626564643236643430386534666339633765633862653336323161333633616135646635656430
33636236616338666536643862613164373232306536323564393734353566333836663635356462
31646166366464363239313761663737346463363032626533653330633961353731666438626635
64356230326261313932613865626665366662353331663730306532663563333761616566666561
65666531336362323831663433623735303966653837653737633562326536326364666266316438
38623036326433363335666366326234336433636134316538643139306466653738373438356165
35366637666238383162323362636136626461633762626262316363306231353664656364626236
37626465396634363039343535666662653234366136613566646332613166626237336564396436
63353338393930333132323939333038303561616363393037613333333362353665626235633736
62363436313036643761366464316233313536643333656233336333326266333731353332366362
35646630643030393235323931313935636330303831303761353434373139306631313035663539
35663130343161356262366532613530646233643666663031343461383861383535376337626461
65306138303434613934356161396261373066643463346238333735646236646133393961626464
31393963613762333338383130373433313937383238383239313661366632366236396661303630
65383736626363326464396666303836323265636666626335633066626438336366623062666237
34313565626635613235643038303763303061623963346463356139613161623465373031613665
37313739666132653339653962333638363431626262373233656663623431626433323739643133
36643131663065663436313934663866343965613732386532383931353132306363346362346234
35316463356133656362313834613132386639666633326637316635316131323066313630393130
39613064363136656337323733333632636436313031393032656462303861333136626266373965
66313737613061356331373266653863376462616233636534393430663036373132613961626437
36616364373330643032393566373564636162373633313032626361363438373031323436316636
34333637343638313437623336306164396538356432613361666131636166396132303237616663
66656564396337373037323039303362623830613330323432643964366266346637363631636135
65306664306465393563336462653739383638363862613434656335316238306133666662633239
62323261646436383063613230633238396239363034363930363839373830366464396638363463
64316362653065313766306138626362613137333661336566346662303836386164643630383565
36383932343130323562303065323236373834353766323838613234303931333436656438646539
34376134303536643464373237626163333763643162376138633263393330393132343033636365
63386538373937393736343237316435396439653962346564653331653366333931333661356536
30306435643465623064313963343532623631653237626265313236623030646664633465303563
63346463653262333739633434613531656362633065383432383532373930646638383865323638
32336466633337613362333632343264303536333737303536316663613132653438356438326434
63353662626165353061303239613132636436353733656236653534333665623236313238386466
38633661393336333462333938663963353066366130313163613134613064333533326135383233
38623265633638356632396632336636306266363739353136383731353066653335386166323464
38353134626439306163393430306630323432623135313733306234613239663437356135393835
31633737636230363466653061656436623939393033303365303162336438656566396136616266
39633965633138363363383631613963663164663231653131356361616633666236623931303036
34623433376265653463643431646466396130653966353436303163656635653236663737656662
32646366336564306636613734386234366162383635336137383535383161376430653962333333
35376131353338316362336338376434633938353439613835373664326665633534383032366366
62663236396464373564633638636638656661316430363038653232363138626237623664383033
37663538376435333737623331326533313037303133316236666337336233313162663137366662
65366637313562663531643939633666336463356364386633366232656435306534396435323433
38616636613332383164656462613365386331376434343532336630316361666562623864333630
39633938383033366436393636363533303266316630633032653465383562623132363038336234
63623162626633396339373230616165383364383563366330613030386362366336633862356634
33393062363838303230303438666363356165643933363535643934643030333463656132303966
35383235303162373437643562303866333733393335346437333132383032613531333465313065
39393334336665646363383163366363643561626231373166376663333635616565653261393761
34646339666162613961623735383939613534356331373662373632383034353430646338363435
35653435376435653664623161666633663132626265336233633734366263353636383531626639
31336166343465383764633933613835613062653934323137633662663865366365623035353666
62633830616162653231636339373734663930393731353339353430323461356338346564323732
36306132386331613637393938636330613033323066653965313639343035353464623161373531
33373565643936623631653036656638636461623864336230316331663635323264663134356639
31316535323332313030366239396539616432383664366336373431653038613936313662323036
33656631396532323433376666393631383132633766643934623062623461393533306533313266
61313162323061386238626464643764313764353062346464323563316538303863346463643239
63646434376234656536373739326163636266613134636235326632363363366566643362353162
62366461353062633936343335363236336331386366323566383632383037653933613439373066
62343035386332366234303261666130656339636530353738643635333263303766356636356332
39383939383862623230353366316535656537333265366632323462396566626666303032303061
32666161306436396436646437656332323337343831373631373632626661613266623331323638
37643931373535613530316531323536383931356635356566643632326134343165393762323236
35623139643630616433663063653735616263386665306231353161393831313837333332663863
39303839346632383565633237303064346632313561393931363835646437383033396632306437
64323034393731366262626264613064336332663937353733356433303661616266646261303166
36353134336338393764376432613331333038306136396336663866373032316535326363336664
37636532393763306337376638623730623132313035363962643739303365656264616363303631
31343261393039343564376339326666386534613534373261663734393662383966353335636332
63393761656265333262323531663036353036356630366466656564616662303162376335613739
30656536353965623430653937356161663563383533616138616636346138323831333431383864
64303534376434376231626439366539643131646437623562626232326531326434383637636336
34643262323762323533316436383331626462626539643136663030616538616466383130373332
30363736646637643734353833316337366465353835316133326262326261616236336565363262
61346339383130376236
